photo_id
198984589.png
856991444.png
814760677.png
593612956.png
320506872.png
229813001.png
81449792.png
896818795.png
809510024.png
693651834.png
508817518.png
724178386.png
165209593.png
172595853.png
783959126.png
645393206.png
